3.283093   0.060970   0.027270   0.010031   0.010194   0.010014   0.010019   0.010020   0.010023   0.067788   0.009965   0.009864   0.012370   0.010199   0.010211   0.010129   0.010019   0.010445   0.010017   0.010009   0.010019   0.010019   0.010019   0.009963   0.010019   0.010018   0.010019   0.010019   0.010019   0.010019   0.009925   0.009860   0.010015   0.010019   0.010019   0.010019   0.010019   0.010009   0.010017   0.010009   
0.060970   2.130661   0.028039   0.010029   0.010204   0.010014   0.010020   0.010024   0.010153   0.011004   0.009926   0.009864   0.010056   0.010330   0.017997   0.014488   0.010053   0.010289   0.010018   0.010010   0.010019   0.010019   0.010019   0.009963   0.010019   0.010018   0.010019   0.010019   0.010019   0.010019   0.009925   0.009860   0.010015   0.010019   0.010019   0.010019   0.010019   0.010009   0.010017   0.010009   
0.027270   0.028039   3.326380   0.021999   0.043804   0.010080   0.010203   0.010238   0.010259   0.026492   0.009982   0.009924   0.010733   0.044166   0.010086   0.010671   0.010021   0.010016   0.010017   0.010009   0.010018   0.010018   0.010018   0.009963   0.010018   0.010018   0.010018   0.010018   0.010018   0.010018   0.009924   0.009860   0.010014   0.010018   0.010018   0.010018   0.010018   0.010009   0.010017   0.010009   
0.010031   0.010029   0.021999   1.603256   0.031882   0.018123   0.011976   0.010153   0.009974   0.010220   0.016077   0.017808   0.016267   0.010687   0.009964   0.009972   0.009963   0.009956   0.009962   0.009957   0.009963   0.009963   0.009963   0.009909   0.009963   0.009963   0.009963   0.009963   0.009963   0.009963   0.009871   0.009808   0.009960   0.009963   0.009963   0.009963   0.009963   0.009954   0.009962   0.009954   
0.010194   0.010204   0.043804   0.031882   3.807255   0.010743   0.029098   0.032188   0.011425   0.010188   0.010009   0.009989   0.010108   0.114929   0.010019   0.011073   0.010022   0.010008   0.010017   0.010013   0.010018   0.010018   0.010018   0.009962   0.010018   0.010018   0.010018   0.010018   0.010018   0.010018   0.009924   0.009860   0.010014   0.010018   0.010018   0.010018   0.010018   0.010008   0.010017   0.010008   
0.010014   0.010014   0.010080   0.018123   0.010743   4.677576   0.161107   0.014906   0.010174   0.010015   0.009952   0.128127   0.010042   0.010039   0.010014   0.010017   0.010015   0.010004   0.010012   0.010561   0.010014   0.010014   0.010014   0.009958   0.010014   0.010013   0.010014   0.010014   0.010014   0.010014   0.009920   0.009855   0.010010   0.010014   0.010014   0.010014   0.010014   0.010004   0.010012   0.010004   
0.010019   0.010020   0.010203   0.011976   0.029098   0.161107   4.668838   0.160887   0.014914   0.010020   0.009932   0.013700   0.010023   0.010674   0.010018   0.010090   0.010020   0.010009   0.010017   0.010566   0.010018   0.010018   0.010018   0.009963   0.010018   0.010018   0.010018   0.010018   0.010018   0.010018   0.009924   0.009860   0.010015   0.010018   0.010018   0.010018   0.010018   0.010009   0.010017   0.010009   
0.010020   0.010024   0.010238   0.010153   0.032188   0.014906   0.160887   4.667664   0.161082   0.010020   0.009925   0.009990   0.010016   0.014606   0.010019   0.012065   0.010028   0.010009   0.010017   0.010566   0.010019   0.010019   0.010019   0.009963   0.010019   0.010018   0.010019   0.010019   0.010019   0.010019   0.009925   0.009860   0.010015   0.010019   0.010019   0.010019   0.010019   0.010009   0.010017   0.010009   
0.010023   0.010153   0.010259   0.009974   0.011425   0.010174   0.014914   0.161082   4.677430   0.010020   0.009925   0.009870   0.010015   0.049115   0.010029   0.072249   0.010263   0.010009   0.010017   0.010558   0.010019   0.010019   0.010019   0.009963   0.010019   0.010018   0.010019   0.010019   0.010019   0.010019   0.009925   0.009860   0.010015   0.010019   0.010019   0.010019   0.010019   0.010009   0.010017   0.010009   
0.067788   0.011004   0.026492   0.010220   0.010188   0.010015   0.010020   0.010020   0.010020   2.478245   0.011613   0.009865   0.110640   0.010188   0.010023   0.010024   0.010019   0.010445   0.010017   0.010009   0.010019   0.010019   0.010019   0.009963   0.010019   0.010018   0.010019   0.010019   0.010019   0.010018   0.009925   0.009860   0.010015   0.010019   0.010019   0.010019   0.010019   0.010009   0.010017   0.010009   
0.009965   0.009926   0.009982   0.016077   0.010009   0.009952   0.009932   0.009925   0.009925   0.011613   2.306963   0.009829   0.101746   0.009928   0.009925   0.009925   0.009925   0.010342   0.009923   0.009916   0.009925   0.009925   0.009925   0.009871   0.009925   0.009924   0.009925   0.009925   0.009925   0.009925   0.009833   0.009771   0.009921   0.009925   0.009925   0.009925   0.009925   0.009915   0.009923   0.009915   
0.009864   0.009864   0.009924   0.017808   0.009989   0.128127   0.013700   0.009990   0.009870   0.009865   0.009829   3.795761   0.009893   0.009868   0.009864   0.009865   0.009865   0.009856   0.009863   0.010389   0.009864   0.009864   0.009864   0.009811   0.009864   0.009864   0.009864   0.009864   0.009864   0.009864   0.009775   0.009713   0.009860   0.009864   0.009864   0.009864   0.009864   0.009855   0.009863   0.009855   
0.012370   0.010056   0.010733   0.016267   0.010108   0.010042   0.010023   0.010016   0.010015   0.110640   0.101746   0.009893   5.485024   0.010024   0.010016   0.010015   0.010015   0.010450   0.010014   0.010005   0.010015   0.010015   0.010015   0.009959   0.010015   0.010014   0.010015   0.010015   0.010015   0.010015   0.009921   0.009857   0.010011   0.010015   0.010015   0.010015   0.010015   0.010005   0.010014   0.010005   
0.010199   0.010330   0.044166   0.010687   0.114929   0.010039   0.010674   0.014606   0.049115   0.010188   0.009928   0.009868   0.010024   5.935842   0.010029   0.068919   0.010249   0.010009   0.010017   0.010022   0.010019   0.010019   0.010019   0.009963   0.010019   0.010018   0.010019   0.010019   0.010019   0.010019   0.009925   0.009860   0.010015   0.010019   0.010019   0.010019   0.010019   0.010009   0.010017   0.010009   
0.010211   0.017997   0.010086   0.009964   0.010019   0.010014   0.010018   0.010019   0.010029   0.010023   0.009925   0.009864   0.010016   0.010029   0.603812   0.010352   0.011247   0.010266   0.010065   0.010010   0.010019   0.010019   0.010019   0.009963   0.010019   0.010018   0.010019   0.010019   0.010019   0.010019   0.009925   0.009860   0.010015   0.010019   0.010019   0.010019   0.010019   0.010009   0.010017   0.010009   
0.010129   0.014488   0.010671   0.009972   0.011073   0.010017   0.010090   0.012065   0.072249   0.010024   0.009925   0.009865   0.010015   0.068919   0.010352   2.102339   0.018194   0.010010   0.010018   0.010286   0.010019   0.010019   0.010019   0.009963   0.010019   0.010018   0.010019   0.010019   0.010019   0.010019   0.009925   0.009860   0.010015   0.010019   0.010019   0.010019   0.010019   0.010009   0.010017   0.010009   
0.010019   0.010053   0.010021   0.009963   0.010022   0.010015   0.010020   0.010028   0.010263   0.010019   0.009925   0.009865   0.010015   0.010249   0.011247   0.018194   0.643257   0.010010   0.010066   0.010289   0.010019   0.010019   0.010019   0.009963   0.010019   0.010018   0.010019   0.010019   0.010019   0.010019   0.009925   0.009860   0.010015   0.010019   0.010019   0.010019   0.010019   0.010009   0.010017   0.010009   
0.010445   0.010289   0.010016   0.009956   0.010008   0.010004   0.010009   0.010009   0.010009   0.010445   0.010342   0.009856   0.010450   0.010009   0.010266   0.010010   0.010010   0.175214   0.010024   0.010000   0.010009   0.010009   0.010009   0.009954   0.010009   0.010009   0.010009   0.010009   0.010009   0.010009   0.009915   0.009851   0.010005   0.010009   0.010009   0.010009   0.010009   0.010000   0.010008   0.010000   
0.010017   0.010018   0.010017   0.009962   0.010017   0.010012   0.010017   0.010017   0.010017   0.010017   0.009923   0.009863   0.010014   0.010017   0.010065   0.010018   0.010066   0.010024   0.042445   0.010024   0.010017   0.010017   0.010017   0.009962   0.010017   0.010017   0.010017   0.010017   0.010017   0.010017   0.009923   0.009859   0.010014   0.010017   0.010017   0.010017   0.010017   0.010008   0.010025   0.010008   
0.010009   0.010010   0.010009   0.009957   0.010013   0.010561   0.010566   0.010566   0.010558   0.010009   0.009916   0.010389   0.010005   0.010022   0.010010   0.010286   0.010289   0.010000   0.010024   0.175208   0.010009   0.010009   0.010009   0.009954   0.010009   0.010009   0.010009   0.010009   0.010009   0.010009   0.009915   0.009851   0.010005   0.010009   0.010009   0.010009   0.010009   0.010000   0.010008   0.010000   
0.010019   0.010019   0.010018   0.009963   0.010018   0.010014   0.010018   0.010019   0.010019   0.010019   0.009925   0.009864   0.010015   0.010019   0.010019   0.010019   0.010019   0.010009   0.010017   0.010009   3.283094   0.060971   0.027399   0.009968   0.010197   0.010018   0.010020   0.010020   0.010023   0.067789   0.009965   0.009860   0.012369   0.010201   0.010211   0.010129   0.010019   0.010445   0.010017   0.010009   
0.010019   0.010019   0.010018   0.009963   0.010018   0.010014   0.010018   0.010019   0.010019   0.010019   0.009925   0.009864   0.010015   0.010019   0.010019   0.010019   0.010019   0.010009   0.010017   0.010009   0.060971   2.130662   0.028174   0.009963   0.010207   0.010018   0.010020   0.010024   0.010153   0.011005   0.009926   0.009860   0.010056   0.010331   0.017997   0.014488   0.010053   0.010289   0.010018   0.010010   
0.010019   0.010019   0.010018   0.009963   0.010018   0.010014   0.010018   0.010019   0.010019   0.010019   0.009925   0.009864   0.010015   0.010019   0.010019   0.010019   0.010019   0.010009   0.010017   0.010009   0.027399   0.028174   3.351126   0.009964   0.044361   0.010018   0.010197   0.010242   0.010261   0.026614   0.009936   0.009860   0.010691   0.044429   0.010087   0.010676   0.010021   0.010017   0.010017   0.010009   
0.009963   0.009963   0.009963   0.009909   0.009962   0.009958   0.009963   0.009963   0.009963   0.009963   0.009871   0.009811   0.009959   0.009963   0.009963   0.009963   0.009963   0.009954   0.009962   0.009954   0.009968   0.009963   0.009964   1.618057   0.009970   0.018424   0.011672   0.010018   0.009965   0.010161   0.016134   0.017873   0.016322   0.009963   0.009963   0.009963   0.009963   0.009956   0.009962   0.009956   
0.010019   0.010019   0.010018   0.009963   0.010018   0.010014   0.010018   0.010019   0.010019   0.010019   0.009925   0.009864   0.010015   0.010019   0.010019   0.010019   0.010019   0.010009   0.010017   0.010009   0.010197   0.010207   0.044361   0.009970   3.859609   0.010018   0.029960   0.032514   0.011446   0.010189   0.009925   0.009860   0.010022   0.116376   0.010020   0.011088   0.010023   0.010009   0.010017   0.010014   
0.010018   0.010018   0.010018   0.009963   0.010018   0.010013   0.010018   0.010018   0.010018   0.010018   0.009924   0.009864   0.010014   0.010018   0.010018   0.010018   0.010018   0.010009   0.010017   0.010009   0.010018   0.010018   0.010018   0.018424   0.010018   4.985418   0.010029   0.010021   0.010020   0.010019   0.009957   0.009904   0.010048   0.010018   0.010018   0.010019   0.010019   0.010009   0.010017   0.010566   
0.010019   0.010019   0.010018   0.009963   0.010018   0.010014   0.010018   0.010019   0.010019   0.010019   0.009925   0.009864   0.010015   0.010019   0.010019   0.010019   0.010019   0.010009   0.010017   0.010009   0.010020   0.010020   0.010197   0.011672   0.029960   0.010029   4.819629   0.165768   0.015072   0.010020   0.009931   0.009871   0.010021   0.010702   0.010019   0.010093   0.010020   0.010009   0.010017   0.010566   
0.010019   0.010019   0.010018   0.009963   0.010018   0.010014   0.010018   0.010019   0.010019   0.010019   0.009925   0.009864   0.010015   0.010019   0.010019   0.010019   0.010019   0.010009   0.010017   0.010009   0.010020   0.010024   0.010242   0.010018   0.032514   0.010021   0.165768   4.667823   0.161087   0.010020   0.009925   0.009862   0.010015   0.014615   0.010019   0.012065   0.010028   0.010009   0.010017   0.010566   
0.010019   0.010019   0.010018   0.009963   0.010018   0.010014   0.010018   0.010019   0.010019   0.010019   0.009925   0.009864   0.010015   0.010019   0.010019   0.010019   0.010019   0.010009   0.010017   0.010009   0.010023   0.010153   0.010261   0.009965   0.011446   0.010020   0.015072   0.161087   4.677431   0.010020   0.009925   0.009862   0.010015   0.049115   0.010029   0.072249   0.010263   0.010009   0.010017   0.010558   
0.010019   0.010019   0.010018   0.009963   0.010018   0.010014   0.010018   0.010019   0.010019   0.010018   0.009925   0.009864   0.010015   0.010019   0.010019   0.010019   0.010019   0.010009   0.010017   0.010009   0.067789   0.011005   0.026614   0.010161   0.010189   0.010019   0.010020   0.010020   0.010020   2.478245   0.011612   0.009861   0.110640   0.010189   0.010023   0.010024   0.010019   0.010445   0.010017   0.010009   
0.009925   0.009925   0.009924   0.009871   0.009924   0.009920   0.009924   0.009925   0.009925   0.009925   0.009833   0.009775   0.009921   0.009925   0.009925   0.009925   0.009925   0.009915   0.009923   0.009915   0.009965   0.009926   0.009936   0.016134   0.009925   0.009957   0.009931   0.009925   0.009925   0.011612   2.306963   0.009826   0.101746   0.009925   0.009925   0.009925   0.009925   0.010342   0.009923   0.009916   
0.009860   0.009860   0.009860   0.009808   0.009860   0.009855   0.009860   0.009860   0.009860   0.009860   0.009771   0.009713   0.009857   0.009860   0.009860   0.009860   0.009860   0.009851   0.009859   0.009851   0.009860   0.009860   0.009860   0.017873   0.009860   0.009904   0.009871   0.009862   0.009862   0.009861   0.009826   3.891072   0.009889   0.009860   0.009860   0.009861   0.009861   0.009852   0.009859   0.010384   
0.010015   0.010015   0.010014   0.009960   0.010014   0.010010   0.010015   0.010015   0.010015   0.010015   0.009921   0.009860   0.010011   0.010015   0.010015   0.010015   0.010015   0.010005   0.010014   0.010005   0.012369   0.010056   0.010691   0.016322   0.010022   0.010048   0.010021   0.010015   0.010015   0.110640   0.101746   0.009889   5.485025   0.010022   0.010016   0.010015   0.010015   0.010450   0.010014   0.010005   
0.010019   0.010019   0.010018   0.009963   0.010018   0.010014   0.010018   0.010019   0.010019   0.010019   0.009925   0.009864   0.010015   0.010019   0.010019   0.010019   0.010019   0.010009   0.010017   0.010009   0.010201   0.010331   0.044429   0.009963   0.116376   0.010018   0.010702   0.014615   0.049115   0.010189   0.009925   0.009860   0.010022   5.935884   0.010029   0.068919   0.010249   0.010009   0.010017   0.010022   
0.010019   0.010019   0.010018   0.009963   0.010018   0.010014   0.010018   0.010019   0.010019   0.010019   0.009925   0.009864   0.010015   0.010019   0.010019   0.010019   0.010019   0.010009   0.010017   0.010009   0.010211   0.017997   0.010087   0.009963   0.010020   0.010018   0.010019   0.010019   0.010029   0.010023   0.009925   0.009860   0.010016   0.010029   0.603812   0.010352   0.011247   0.010266   0.010065   0.010010   
0.010019   0.010019   0.010018   0.009963   0.010018   0.010014   0.010018   0.010019   0.010019   0.010019   0.009925   0.009864   0.010015   0.010019   0.010019   0.010019   0.010019   0.010009   0.010017   0.010009   0.010129   0.014488   0.010676   0.009963   0.011088   0.010019   0.010093   0.012065   0.072249   0.010024   0.009925   0.009861   0.010015   0.068919   0.010352   2.102339   0.018194   0.010010   0.010018   0.010286   
0.010019   0.010019   0.010018   0.009963   0.010018   0.010014   0.010018   0.010019   0.010019   0.010019   0.009925   0.009864   0.010015   0.010019   0.010019   0.010019   0.010019   0.010009   0.010017   0.010009   0.010019   0.010053   0.010021   0.009963   0.010023   0.010019   0.010020   0.010028   0.010263   0.010019   0.009925   0.009861   0.010015   0.010249   0.011247   0.018194   0.643257   0.010010   0.010066   0.010289   
0.010009   0.010009   0.010009   0.009954   0.010008   0.010004   0.010009   0.010009   0.010009   0.010009   0.009915   0.009855   0.010005   0.010009   0.010009   0.010009   0.010009   0.010000   0.010008   0.010000   0.010445   0.010289   0.010017   0.009956   0.010009   0.010009   0.010009   0.010009   0.010009   0.010445   0.010342   0.009852   0.010450   0.010009   0.010266   0.010010   0.010010   0.175214   0.010024   0.010000   
0.010017   0.010017   0.010017   0.009962   0.010017   0.010012   0.010017   0.010017   0.010017   0.010017   0.009923   0.009863   0.010014   0.010017   0.010017   0.010017   0.010017   0.010008   0.010025   0.010008   0.010017   0.010018   0.010017   0.009962   0.010017   0.010017   0.010017   0.010017   0.010017   0.010017   0.009923   0.009859   0.010014   0.010017   0.010065   0.010018   0.010066   0.010024   0.042445   0.010024   
0.010009   0.010009   0.010009   0.009954   0.010008   0.010004   0.010009   0.010009   0.010009   0.010009   0.009915   0.009855   0.010005   0.010009   0.010009   0.010009   0.010009   0.010000   0.010008   0.010000   0.010009   0.010010   0.010009   0.009956   0.010014   0.010566   0.010566   0.010566   0.010558   0.010009   0.009916   0.010384   0.010005   0.010022   0.010010   0.010286   0.010289   0.010000   0.010024   0.175208   
0.010646   0.010646   0.010645   0.010590   0.010645   0.010640   0.010645   0.010646   0.010646   0.010645   0.010550   0.010489   0.010642   0.010646   0.010646   0.010646   0.010646   0.010636   0.010644   0.010636   0.010646   0.010646   0.010646   0.010589   0.010646   0.010645   0.010645   0.010646   0.010646   0.010645   0.010550   0.010485   0.010642   0.010646   0.010646   0.010646   0.010646   0.010636   0.010644   0.010636   
0.006016   0.006016   0.006016   0.006028   0.006016   0.006017   0.006016   0.006016   0.006016   0.006016   0.006037   0.006050   0.006017   0.006016   0.006016   0.006016   0.006016   0.006056   0.006020   0.006018   0.006016   0.006016   0.006016   0.006028   0.006016   0.006016   0.006016   0.006016   0.006016   0.006016   0.006037   0.006051   0.006017   0.006016   0.006016   0.006016   0.006016   0.006056   0.006020   0.006018   
0.006016   0.006016   0.006016   0.006028   0.006016   0.006017   0.006016   0.006016   0.006016   0.006016   0.006037   0.006050   0.006016   0.006016   0.006016   0.006016   0.006016   0.006018   0.006020   0.006056   0.006016   0.006016   0.006016   0.006028   0.006016   0.006016   0.006016   0.006016   0.006016   0.006016   0.006037   0.006051   0.006016   0.006016   0.006016   0.006016   0.006016   0.006018   0.006020   0.006056   
0.006017   0.006017   0.006019   0.006383   0.006022   0.006051   0.006018   0.006017   0.006017   0.006017   0.006640   0.007042   0.006043   0.006017   0.006017   0.006017   0.006017   0.006042   0.006017   0.006042   0.006017   0.006017   0.006017   0.006029   0.006017   0.006017   0.006017   0.006017   0.006017   0.006017   0.006038   0.006052   0.006018   0.006017   0.006017   0.006017   0.006017   0.006019   0.006017   0.006019   
0.006017   0.006017   0.006017   0.006029   0.006017   0.006018   0.006017   0.006017   0.006017   0.006017   0.006038   0.006051   0.006018   0.006017   0.006017   0.006017   0.006017   0.006019   0.006017   0.006019   0.006017   0.006017   0.006017   0.006387   0.006017   0.006019   0.006017   0.006017   0.006017   0.006017   0.006640   0.007068   0.006043   0.006017   0.006017   0.006017   0.006017   0.006042   0.006017   0.006042   
0.006247   0.006247   0.006247   0.006259   0.006247   0.006248   0.006247   0.006247   0.006247   0.006247   0.006268   0.006281   0.006248   0.006247   0.006247   0.006247   0.006247   0.006249   0.006247   0.006249   0.006247   0.006247   0.006247   0.006259   0.006247   0.006247   0.006247   0.006247   0.006247   0.006247   0.006268   0.006282   0.006248   0.006247   0.006247   0.006247   0.006247   0.006249   0.006247   0.006249   
0.000020   0.000020   0.000020   0.000020   0.000020   0.000020   0.000020   0.000020   0.000020   0.000020   0.000020   0.000020   0.000020   0.000020   0.000020   0.000020   0.000020   0.000020   0.000020   0.000020   0.000020   0.000020   0.000020   0.000020   0.000020   0.000020   0.000020   0.000020   0.000020   0.000020   0.000020   0.000020   0.000020   0.000020   0.000020   0.000020   0.000020   0.000020   0.000020   0.000020   
0.000020   0.000020   0.000020   0.000020   0.000020   0.000020   0.000020   0.000020   0.000020   0.000020   0.000020   0.000020   0.000020   0.000020   0.000020   0.000020   0.000020   0.000020   0.000020   0.000020   0.000020   0.000020   0.000020   0.000020   0.000020   0.000020   0.000020   0.000020   0.000020   0.000020   0.000020   0.000020   0.000020   0.000020   0.000020   0.000020   0.000020   0.000020   0.000020   0.000020   
0.000020   0.000020   0.000020   0.000021   0.000020   0.000020   0.000020   0.000020   0.000020   0.000020   0.000021   0.000022   0.000020   0.000020   0.000020   0.000020   0.000020   0.000020   0.000020   0.000020   0.000020   0.000020   0.000020   0.000020   0.000020   0.000020   0.000020   0.000020   0.000020   0.000020   0.000020   0.000020   0.000020   0.000020   0.000020   0.000020   0.000020   0.000020   0.000020   0.000020   
0.000020   0.000020   0.000020   0.000020   0.000020   0.000020   0.000020   0.000020   0.000020   0.000020   0.000020   0.000020   0.000020   0.000020   0.000020   0.000020   0.000020   0.000020   0.000020   0.000020   0.000020   0.000020   0.000020   0.000021   0.000020   0.000020   0.000020   0.000020   0.000020   0.000020   0.000021   0.000022   0.000020   0.000020   0.000020   0.000020   0.000020   0.000020   0.000020   0.000020   
0.000103   0.000103   0.000103   0.000104   0.000103   0.000103   0.000103   0.000103   0.000103   0.000103   0.000104   0.000104   0.000103   0.000103   0.000103   0.000103   0.000103   0.000103   0.000103   0.000103   0.000103   0.000103   0.000103   0.000104   0.000103   0.000103   0.000103   0.000103   0.000103   0.000103   0.000104   0.000104   0.000103   0.000103   0.000103   0.000103   0.000103   0.000103   0.000103   0.000103   
